44376
52618
40031
42725
40578
30617
24325
40704
9879
29317
62255
214
60732
2542
4087
9620
27158
31277
32321
25646
49525
29242
44385
6441
13196
4995
60152
30321
42804
7555
3536
16180
27499
59364
50204
23229
35661
8051
2227
11901
20171
4349
60488
21998
13033
43465
6733
56018
24866
28058
61721
60183
22394
56694
2919
2986
47672
35780
8383
45489
31800
30731
32341
18965
1139
22421
33844
42165
24164
23707
10622
19853
12740
13494
59340
39316
9689
26840
27937
128
17024
50933
28273
30646
12831
53470
3560
14664
4447
46942
7658
31227
17464
53506
47419
46292
60581
54694
10215
37620
35915
47513
10182
57353
62036
17108
40949
24605
7776
8428
29523
59351
24645
29605
34250
3638
28504
20308
36002
6745
41788
41193
23986
20507
54249
28853
13830
55960
44044
25004
6594
9101
24518
25798
61859
27701
45901
16151
5579
37713
54847
6868
14981
2199
47791
38686
46704
46686
23261
9053
22440
39874
6110
19894
25700
16144
45737
31406
30122
47251
13901
27888
49378
57836
50498
2944
47970
31765
50102
6013
61006
62043
48325
51876
9974
46298
41039
6702
1506
40722
36461
56239
19467
32193
57514
48577
37992
26901
9088
22150
35259
25127
35710
5329
61846
12678
11549
24906
26106
9595
19709
45177
42295
48398
58262
10232
20750
7375
23392
21181
39702
59187
7140
19911
59627
58056
976
28686
55997
5547
43672
27769
59166
36506
26299
60766
1019
23259
5505
26433
50558
36724
36419
16693
54789
5098
876
6395
35931
48486
45257
53839
49442
55016
2439
57413
19955
32549
18344
32305
33748
59489
9751
36266
55037
38971
43368
7682
62890
41267
21822
35237
36782
6665
23093
54200
31584
28666
40106
23524
30530
18659
45003
3414
51771
46494
44145
46220
37465
34619
49776
47026
54410
58987
3602
2050
4038
14868
61491
37136
4681
43127
51670
32988
32010
4793
33621
31717
11853
62010
34218
60578
27581
55631
25610
1768
5025
15029
32476
54757
42194
27902
21364
62319
11117
27015
37780
61028
26538
24723
26771
38834
35001
42641
45349
40028
49828
5929
43897
1896
49225
6560
30607
34570
33686
33695
25045
27462
39921
37472
29872
31096
59411
8956
39050
46930
28590
28939
45325
12822
55578
23165
32205
54608
59194
33170
41111
22526
26622
20210
8428
62135
57280
880
55925
8981
52133
9864
49504
34515
4149
62615
39022
18091
18698
1606
34423
25968
8297
20740
44087
36805