9166
20881
29487
5432
11177
36574
27183
18214
25250
18837
5920
62314
54846
50159
28416
20924
12153
47057
20675
12806
22447
24386
17926
52223
2368
64260
1523
44456
53575
54613
38851
5395
64904
54917
33330
5782
30429
11511
38512
2988
59416
9922
39115
48817
35685
20825
17953
50540
37265
62034
1563
1686
41795
25360
30921
41225
2242
28981
62215
57639
28944
21055
45572
12892
42675
5091
1508
47082
35119
46394
60511
8018
60845
63993
41776
32148
59654
34513
44501
59866
4236
14313
284
63535
46267
31488
6652
845
55348
45427
41657
40237
26873
13399
37040
27697
52616
34277
15300
64387
55053
7877
19726
15278
12414
58217
58449
23419
62983
32827
20708
46754
3158
34188
59053
58483
28616
35797
37843
16673
117
29956
40168
57337
5897
47438
10486
31410
46268
40947
1446
30154
21506
39774
40965
49760
14066
55016
11373
9236
36929
59900
24001
43341
63442
22332
62608
10878
5233
20668
34155
44486
17853
18598
53743
43002
32524
7924
38029
30286
53741
64120
61749
19404
24361
62009
51996
14215
32378
6520
1765
2778
19386
54507
34573
38758
32409
42596
39549
19691
35303
60592
25964
6960
58031
50828
11655
51534
7483
8399
55067
35943
42702
57164
23004
19543
15131
54970
39192
46034
729
22168
19665
28751
54221
38532
9889
30207
1981
44293
42547
30343
6595
48120
3947
56063
37623
8974
8385
56010
4645
59562
4291
53523
37460
52605
8728
53798
42494
54862
49375
45587
38585
43926
60013
7782
19783
56107
32694
45685
48527
26126
61298
29347
56737
18489
38230
46852
41653
36036
4678
5316
10166
40848
39060
39746
36324
7309
11673
10437
14138
20043
63328
20116
7363
44250
24736
2539
65231
59627
51890
6083
53165
19007
9842
31226
14345
20685
16777
21055
8088
51219
23632
4020
27910
1620
52821
6968
24835
40324
63216
44349
18476
5138
27154
46146
1020
57503
54379
5809
21346
32764
38406
14627
34811
57271
55142
22488
30592
19490
27644
30238
10644
50391
59886
8199
34781
24577
59712
56216
33050
2471
26448
18276
501
41174
9757
59821
44801
21076
23807
20711
30625
771
2747
54724
62672
32077
30376
16278
20323
59198
39012
65067
1676
64455
30551
65293
13705
45791
58983
27245
50403
45383
48049
34795
20801
53915
47506
20354
25969
6020
52887
47313
6572
32890
44588
13385
49399
64432
29630
29834
32257
13165
8327
47584
29458
50632
2265
16161
9218
32948